%YAML:1.0
---
CcameraMatrix: !!opencv-matrix
   rows: 3
   cols: 3
   dt: f
   data: [ 1.08137207e+03, 0., 9.59500000e+02, 0., 1.08137207e+03,
       5.39500000e+02, 0., 0., 1. ]
DcameraMatrix: !!opencv-matrix
   rows: 3
   cols: 3
   dt: f
   data: [ 3.67498199e+02, 0., 2.56044495e+02, 0., 3.67498199e+02,
       2.07841095e+02, 0., 0., 1. ]
distCoeffs: !!opencv-matrix
   rows: 1
   cols: 5
   dt: f
   data: [ 8.93657133e-02, -2.72641987e-01, 0., 0., 9.54248235e-02 ]
